108
109
110
111
112
113
114
117
121
126
130
135
139
144
148
153
157
162
166
171
175
180
184
189
193
198
102
106
111
115
120
124
129
133
138
142
147
151
156
160
165
174
178
183
187
192
196
0
105
109
114
118
123
127
132
136
141
145
150
154
159
163
172
177
181
186
190
195
199
103
108
112
117
121
126
130
135
139
144
148
153
157
162
166
171
175
180
184
189
193
198
102
106
111
115
120
124
129
133
138
142
147
151
156
160
165
170
174
178
183
188
192
197
105
110
114
119
123
128
132
137
141
146
150
155
159
164
168
173
177
182
186
191
195
200
104
108
113
117
122
126
131
135
140
144
149
153
158
162
171
176
180
185
189
194
198
102
107
111
116
120
125
129
134
138
143
147
152
156
161
170
174
179
183
188
192
197
101
105
110
114
119
123
128
132
137
141
146
150
155
159
164
168
173
177
182
186
191
195
200
104
108
113
117
122
126
131
135
140
144
149
153
158
162
167
171
176
185
189
194
198
102
107
111
116
120
125
129
134
138
143
147
152
156
165
170
174
179
183
188
192
197
101
105
110
114
119
123
128
132
137
141
146
150
155
159
164
168
173
177
182
186
191
195
200
104
113
117
122
126
131
135
140
144
149
153
158
167
171
176
180
185
189
194
198
102
107
116
120
125
129
134
138
143
147
152
156
161
165
170
174
179
183
188
192
197
101
105
110
114
119
123
132
137
141
146
150
155
159
164
168
173
177
182
186
191
195
200
104
108
113
117
122
126
131
135
140
144
149
153
158
162
167
171
176
180
185
189
194
198
102
107
111
116
120
125
129
134
138
143
147
152
156
165
170
174
179
183
188
192
197
101
105
110
114
119
123
128
132
137
141
146
150
155
164
168
173
177
182
186
191
195
200
104
108
113
117
122
126
131
135
140
144
149
153
158
162
167
171
176
180
185
189
194
198
102
107
111
116
120
125
129
134
138
143
147
152
156
161
165
170
174
179
183
188
192
197
101
105
114
119
123
128
132
137
141
146
150
155
159
164
168
173
177
182
186
195
200
104
108
113
117
122
126
131
135
140
144
149
153
158
162
167
171
176
180
185
189
194
198
102
107
111
116
120
125
129
134
138
143
147
152
161
165
170
174
179
183
188
192
197
101
110
114
119
128
132
137
141
146
150
155
159
164
168
173
177
182
186
191
195
200
104
108
113
117
126
131
135
140
144
149
153
158
162
167
171
176
180
185
194
198
102
107
111
116
120
125
129
134
138
143
147
152
156
161
165
170
174
179
183
188
192
197
101
105
110
114
119
123
128
132
141
146
150
155
159
164
168
173
177
182
186
191
195
200
104
108
113
117
122
126
131
135
140
144
149
153
158
162
167
171
176
180
185
189
194
198
102
107
111
116
120
125
129
134
138
143
147
152
156
161
165
170
174
179
183
188
192
197
101
105
110
114
119
123
128
132
137
141
146
150
155
159
164
173
177
182
186
191
195
200
104
108
113
117
122
126
135
140
144
149
153
158
162
167
171
176
180
185
189
194
198
102
107
111
116
120
125
129
134
138
143
147
152
156
161
165
170
174
179
183
188
192
197
101
105
110
114
119
123
128
132
137
141
146
155
159
164
168
173
177
182
186
191
195
200
104
108
113
117
122
126
131
135
140
144
149
153
158
162
167
171
176
180
185
189
194
198
102
107
111
116
120
125
129
134
138
143
147
152
156
161
165
170
174
179
188
192
197
101
105
110
114
119
123
132
137
141
146
150
155
159
164
168
173
177
182
186
191
195
200
104
108
113
117
122
126
131
135
140
144
153
158
162
167
171
176
180
185
189
194
198
102
107
111
116
120
125
129
134
138
143
147
152
156
161
165
170
174
179
183
188
192
197
101
105
110
114
119
123
128
132
137
141
146
150
155
159
164
168
173
177
182
186
191
195
200
104
108
113
117
122
126
131
135
140
144
149
153
158
162
167
171
176
180
185
189
194
198
102
107
111
116
120
125
129
134
138
143
147
152
156
161
165
170
174
179
183
188
192
197
101
105
110
114
119
123
132
137
141
146
150
155
159
164
168
173
177
182
186
191
195
200
104
108
113
117
122
126
131
135
140
144
149
153
158
162
167
171
176
180
185
189
194
198
102
107
111
116
120
125
129
134
138
143
147
152
156
161
165
170
174
179
183
188
192
197
101
105
114
119
123
128
132
137
141
146
150
155
159
164
168
173
177
182
186
